170117.0,0.0785326746328
170118.0,0.0790417422517
170119.0,0.0776448829621
170120.0,0.0749603762236
170121.0,0.0762814889336
170122.0,0.0768798064584
170123.0,0.0758108877086
170124.0,0.0737329182577
170125.0,0.0737090877387
170126.0,0.0816376423309
170129.0,0.08
170204.0,0.09
170205.0,0.06
170207.0,0.0693331684393
170208.0,0.0685584826133
170209.0,0.0692720584137
170210.0,0.0629632334634
170211.0,0.0619135685502
170212.0,0.0619841143343
170213.0,0.0631874781799
170214.0,0.0653125829824
170215.0,0.0656546702017
170216.0,0.0707663045017
170217.0,0.0689102494992
170218.0,0.0641114436552
170219.0,0.0600125662742
170220.0,0.0620816045872
170221.0,0.0637265619534
170222.0,0.0707598967342
170223.0,0.0692119174762
170224.0,0.0680700419027
170225.0,0.0603194581138
170226.0,0.0615423208726
170227.0,0.0734698487822
170228.0,0.0685834641327
170301.0,0.0620642558184
170302.0,0.0605063406209
170303.0,0.0625672245438
170304.0,0.06
170305.0,0.0610364571279
170306.0,0.0624874551971
