date,amount
170117.0,2291.38
170118.0,2072.72
170119.0,2430.41
170120.0,2842.99
170121.0,1491.0
170122.0,2103.94
170123.0,2952.32
170124.0,2679.03
170125.0,1720.45
170126.0,29.86
170129.0,1.56
170204.0,0.41
170205.0,13.37
170207.0,202.15
170208.0,427.05
170209.0,897.05
170210.0,602.45
170211.0,791.61
170212.0,376.44
170213.0,343.72
170214.0,527.22
170215.0,1116.44
170216.0,2118.74
170217.0,1762.33
170218.0,778.51
170219.0,580.92
170220.0,858.04
170221.0,1143.44
170222.0,1925.13
170223.0,1865.16
170224.0,1274.38
170225.0,863.65
170226.0,892.94
170227.0,2328.43
170228.0,2357.3
170301.0,1261.52
170302.0,1100.05
170303.0,1414.29
170304.0,947.2
170305.0,993.77
170306.0,1395.0
